1	2
100	325
1022	1136
1045	1046
1064	1209
107	108
1085	1159
109	550
1092	1093
11	12
110	120
111	112
1126	1181
1135	1278
1153	1188
1155	1181
1169	1170
117	270
1181	1264
119	470
1198	1330
1208	1209
121	122
1239	1280
124	504
1247	1339
127	479,503,1028,947,247
128	504
133	889
134	1147,669
135	161
1352	1479
1354	2214
1364	1836
1383	2033
1400	2166
1403	2573
141	142
1416	1960
1422	1637
1425	1735
1431	2018
145	146
1463	1940
1474	2324
1475	1605
1484	2140
1492	1627,2178,2097,2457,2595
1505	2266
151	152
1515	1696
1516	1787
1524	1757
1529	1530
1531	1532
1540	1681
1556	1960
156	1222
1577	1757
163	164
1635	2263
1642	2508
165	166
1652	1960
1672	2541
1681	1760,1727
1686	2550
1696	2300
17	33
1738	1981
1757	2058
1764	1775
177	627
1776	2337
1778	2513
1795	2368
1796	2294,2320
1800	2332,2570
1806	2301
181	182,582
1814	2489
1823	2323
1837	2600
1839	2337
1840	2609
185	186
1853	1920
1857	2601
1858	2359
1869	2260
1872	2375
1873	2387
1874	1960
1881	2387
1893	2301
1894	1960
191	192
1913	2370
1924	2301
1925	1998
1928	2355
193	194
1932	2301
195	196
1951	2151
1953	2340
1958	2387
1960	2100,2201
1964	2601
1965	2582
1967	2387
1973	2114
199	601
1990	2387
1993	2462
1999	2337
2007	2601
2013	2301
2019	2098
2022	2601
2026	2601
2028	2301
203	204
2042	2051
2046	2316
2052	2362
2058	2481
2063	2148
2065	2123
2081	2301
2085	2536
209	210
2090	2340
2096	2387
2098	2521
2099	2535
2103	2370
211	212
2111	2492
2112	2323
2117	2370
2128	2564
2146	2387
2156	2452
2191	2567
2194	2237
2195	2375
2205	2612
2239	2558
2242	2254
2248	2249
225	226,718
2261	2582
2264	2565
2286	2567
229	230
2298	2354
2299	2558
23	24
2301	2386,2437,2446,2486,2544,2311
233	583,980,937,858
2337	2466,2601
2351	2506
2355	2429
2361	2462
237	238
2374	2382
2387	2586,2527,2436
239	1042
2392	2582
240	1042
241	242
2417	2564
243	244
2438	2564
2440	2564
2441	2567
245	246
2455	2567
2458	2609
2462	2463,2507
2471	2608
248	504
2481	2604
2484	2600
249	250
251	252
2542	2601
255	256
265	266
271	627
275	276
281	282
287	288
29	30
291	292
293	294
297	298
3	4
300	306
302	504
305	677
306	436,354
31	36,159,485,573,486,32
313	315
314	470
321	1125
325	767,326
329	670,330
331	332
333	334
335	459,541,367
336	542
337	983
339	340
34	546
357	358,361,362
37	38
372	488
373	374
380	470
385	386
387	388
389	409
391	392
398	542
401	763
409	539
41	42
417	418
421	422
423	1067
425	426
427	1187
428	504
43	44,1257
431	432
433	434
439	440,1144,679
443	940,1168,1001,682
45	550
453	454
455	456
457	458
461	462
463	464
473	474
475	1125
476	504
481	482
489	684
49	50
490	684
495	496
497	1202
5	6
505	506
509	1083
510	1083
511	512
513	514
517	518
519	520
523	524
527	528
529	530
53	54
533	534
547	548
549	550
55	56
551	552
565	1290
586	741
589	1090,938
59	60
603	999
612	1253
617	718
627	1200
63	64,856
644	889
648	773
65	66
67	68
674	691
699	889
73	74
733	1202
75	76
77	764
776	1181
787	981
788	1240
79	602
794	795
801	1054
807	999
825	998
85	407
86	408
865	1271
867	1080,1143
87	88
880	1167
882	884
888	999
91	383
921	1274
936	1237
96	1314
961	999
97	98
99	325
